z_1(x) = -0.0343550506933049*x_2 - 0.0388871867583804*x_3 + 0.0253273166934748*x_5 + 0.0186536782767765*x_7 + 0.0110227492951315*x_8 - 0.0153418876580511*x_9 + 0.0962118816041869*cos(0.0314243095039086*x_2 + 0.179719323703791*x_3 + 0.203291413973828*x_8 - 0.0337904475510399*x_9 + 0.117592817792869*(-0.756356939419895*x_6 - 1)**2 + 7.09745340104758) + 1.16196612215621
z_2(x) = 0.00570638556908658*x_1 + 0.0344116749907969*x_2 + 0.0265848522087744*x_3 - 0.0315777587593029*x_5 - 0.0208107021852651*x_7 + 0.0222791011613227*x_8 + 0.0250553935640647*x_9 - 0.0846319280827978*cos(0.0314243095039086*x_2 + 0.179719323703791*x_3 + 0.203291413973828*x_8 - 0.0337904475510399*x_9 + 0.117592817792869*(-0.756356939419895*x_6 - 1)**2 + 7.09745340104758) - 0.0868174382626206*cos(0.106347286170101*x_2 + 0.193552506265001*x_3 + 0.357888391153457*x_5 - 0.397631127660889*x_8 - 0.239947108482879*x_9 + 0.131383983500122*(-0.822865160920791*x_6 - 1)**2 - 7.31683301127172) - 0.416488861501138 - 4.99280265189215e-6/(-x_3 - 0.0805964477083105)**2
z_3(x) = 0.0138569077187626*x_1 + 0.0337250390276172*x_2 + 0.00247172158241185*x_3 - 0.0323178014418462*x_5 - 0.0124395494370321*x_7 + 0.0729536551734168*x_8 + 0.0197760648039243*x_9 + 0.0198932259438345*cos(0.813039839267731*x_1 + 4.20671987533569) - 0.0351602420728203*cos(0.0800103934365633*x_2 + 0.569689553559619*x_5 + 0.269697359901294*x_7 - 0.521582341851241*x_8 - 0.443065732105886*x_9 - 8.25888844178768 + 0.0003058829806464/(-x_3 - 0.0805964477083105)**2) - 0.104675569729648*cos(0.106347286170101*x_2 + 0.193552506265001*x_3 + 0.357888391153457*x_5 - 0.397631127660889*x_8 - 0.239947108482879*x_9 + 0.131383983500122*(-0.822865160920791*x_6 - 1)**2 - 7.31683301127172) + 0.316424748342605 - 6.01980975934328e-6/(-x_3 - 0.0805964477083105)**2
z_4(x) = -0.00471344831969125*x_1 - 0.0334133786878611*x_2 - 0.023774195565596*x_3 + 0.024612240982284*x_5 + 0.0124432598161238*x_7 - 0.0187356144366098*x_8 - 0.0102154790785325*x_9 - 0.0134397711618168*cos(0.813039839267731*x_1 + 4.20671987533569) + 0.0393281854081181*cos(0.0314243095039086*x_2 + 0.179719323703791*x_3 + 0.203291413973828*x_8 - 0.0337904475510399*x_9 + 0.117592817792869*(-0.756356939419895*x_6 - 1)**2 + 7.09745340104758) + 0.0237540964339794*cos(0.0800103934365633*x_2 + 0.569689553559619*x_5 + 0.269697359901294*x_7 - 0.521582341851241*x_8 - 0.443065732105886*x_9 - 8.25888844178768 + 0.0003058829806464/(-x_3 - 0.0805964477083105)**2) + 0.0633189092008053
z_5(x) = 0.0103621104919453*x_1 + 0.0425836912400539*x_2 + 0.0173200280315485*x_3 - 0.0313478101980164*x_5 - 0.0105925359314401*x_7 + 0.0510940948348624*x_8 + 0.00867105184934588*x_9 + 0.0295461802738781*cos(0.813039839267731*x_1 + 4.20671987533569) - 0.0522213367349156*cos(0.0800103934365633*x_2 + 0.569689553559619*x_5 + 0.269697359901294*x_7 - 0.521582341851241*x_8 - 0.443065732105886*x_9 - 8.25888844178768 + 0.0003058829806464/(-x_3 - 0.0805964477083105)**2) + 1.928193309698
